0.0,0.0,0.0,0.0,
0.0,0.0,0.0,0.0,
-0.07047111,-0.10366784,-0.1056057,-1.2499881,
0.0,0.0,0.0,0.0,
0.0,0.0,0.0,0.0,
0.0,0.0,0.0,0.0,
-0.0861518,-0.06823796,-0.12211166,-1.2499881,
0.0,0.0,0.0,0.0,
-0.14708269,-0.15079062,-1.2499881,-0.14271276,
-0.12731078,-0.107199736,-1.2499881,-0.08167926,
-0.11151744,-0.11946743,-0.58547086,-0.3655032,
-0.09932791,-0.13374601,-1.2496115,-1.249672,
0.0,0.0,0.0,0.0,
0.0,0.0,0.0,0.0,
-0.11364141,-0.14703618,-1.2499881,-1.2499881,
0.0,0.0,0.0,0.0,
0.0,0.0,0.0,0.0,
0.0,0.0,0.0,0.0,
-0.05664306,-0.09784105,-0.10402482,-1.2499881,
0.0,0.0,0.0,0.0,
0.0,0.0,0.0,0.0,
0.0,0.0,0.0,0.0,
-0.06707108,-0.07424788,-0.049070228,-0.4841883,
0.0,0.0,0.0,0.0,
-0.1245919,-0.14222606,-1.2499881,-0.11520663,
-0.08854012,-0.055402335,-0.4841883,-0.09930909,
-0.01,0.0,0.0,0.0,
-0.059855856,-0.053214896,-0.30633345,-0.2274094,
0.0,0.0,0.0,0.0,
0.0,0.0,0.0,0.0,
-0.17236215,-0.115572885,-1.2421354,-1.24382,
0.0,0.0,0.0,0.0,
-0.10063696,-1.2499881,-0.12685946,-0.107257806,
-0.08527691,-1.2499881,-0.088177614,-0.11349985,
-0.1117991,-0.4814912,-0.17625938,-0.9627561,
-0.1504363,-1.2498417,-0.15194766,-1.2498703,
-0.10124073,-1.2499881,-0.08124851,-0.10999401,
-0.09990259,-0.91517067,-0.062210523,-0.077722,
-0.1524318,-0.5378496,-0.14223805,-0.8983204,
-0.08515749,-0.14188434,-0.07241629,-0.2274094,
-0.13990034,-0.6216432,-0.7719598,-0.18207125,
-0.16739553,-0.69835913,-0.6963994,-0.14501089,
-0.07412042,-0.16502035,-0.21755666,-0.19933449,
-0.12945478,-0.54422677,-0.5800265,-1.0821866,
-0.15211293,-1.2499881,-1.2499881,-0.09801018,
-0.15953092,-1.2473842,-1.2474052,-0.108867064,
-0.112358145,-0.61904675,-1.2499881,-0.75387007,
0.0,0.0,0.0,0.0,
0.0,-1.2499881,0.0,0.0,
0.0,-1.2499881,0.0,0.0,
-0.101505145,-1.2499881,-0.0987506,-1.2499881,
0.0,0.0,0.0,0.0,
0.0,-1.2499881,0.0,0.0,
0.0,-0.592579,0.0,0.0,
-0.06430057,-1.2499799,-0.09667142,-1.2499745,
0.0,0.0,0.0,0.0,
-0.06480673,-1.2499881,-1.2499881,-0.14936988,
-0.12521233,-1.2499881,-1.2499881,-0.10519382,
0.0,-0.019919999,-0.019919999,-0.01,
-0.116652355,-1.191407,-1.2120268,-1.1899778,
0.0,0.0,0.0,0.0,
0.0,0.0,0.0,0.0,
-0.12898426,-1.2499881,-1.2499881,-1.2499881,
0.0,0.0,0.0,0.0,
0.0,0.0,0.0,0.0,
0.0,0.0,0.0,0.0,
-0.09143154,-0.10709371,-0.07572428,-1.2499881,
0.0,0.0,0.0,0.0,
0.0,0.0,0.0,0.0,
0.0,0.0,0.0,0.0,
-0.06429257,-0.068994276,-0.056663364,-0.5024212,
0.0,0.0,0.0,0.0,
-0.13294984,-0.13461667,-1.2499881,-0.14189672,
-0.07810001,-0.08014253,-0.4463777,-0.08702301,
-0.009529499,0.0,-0.019919999,-0.01968382,
-0.059822224,-0.07184387,-0.21916269,-0.3288008,
0.0,0.0,0.0,0.0,
0.0,0.0,0.0,0.0,
-0.15731001,-0.1874793,-1.2430285,-1.2439673,
0.0,0.0,0.0,0.0,
0.0,0.0,0.0,0.0,
0.0,0.0,0.0,0.0,
-0.051151205,-0.05977264,-0.06164457,-0.4463777,
0.0,0.0,0.0,0.0,
0.0,0.0,0.0,0.0,
0.0,0.0,0.0,0.0,
0.0,0.0,0.0,0.0,
0.0,0.0,0.0,0.0,
-0.09321253,-0.083966985,-0.6082312,-0.08988717,
-0.00984064,-0.01,-0.03952255,0.0,
0.0,0.0,0.0,0.0,
0.0,0.0,0.0,0.0,
0.0,0.0,0.0,0.0,
0.0,0.0,0.0,0.0,
-0.045548398,-0.03904617,-0.13294792,-0.114858314,
0.0,0.0,0.0,0.0,
-0.11642701,-1.2499881,-0.08851653,-0.0795659,
-0.06877413,-0.9014499,-0.05389305,-0.07104,
-0.14432713,-0.5153381,-0.19838603,-0.9317462,
-0.07627179,-0.2597417,-0.06895419,-0.20246924,
-0.08167311,-0.90423834,-0.0891218,-0.064242356,
-0.019919999,-0.01,0.0,0.0,
-0.03414409,-0.09335183,-0.051372107,-0.09404517,
0.0,0.0,0.0,-0.01,
-0.17407653,-0.60974634,-0.761054,-0.12626936,
-0.060720835,-0.08551935,-0.0944566,-0.0545707,
-0.00992,-0.01,0.0,0.0,
-0.028118515,-0.039290138,-0.029602554,-0.068342224,
-0.15460943,-1.2495323,-1.2495786,-0.13673599,
-0.05228823,-0.21916269,-0.13294792,-0.04107113,
-0.119068176,-0.50072443,-0.93852127,-0.5547794,
0.0,0.0,0.0,0.0,
0.0,-1.2499881,0.0,0.0,
0.0,-0.6334945,0.0,0.0,
-0.072663456,-1.2498391,-0.093599945,-1.2497584,
0.0,0.0,0.0,0.0,
0.0,-0.6082312,0.0,0.0,
0.0,-0.029760638,0.0,0.0,
-0.043826863,-0.26766375,-0.041924894,-0.17692079,
0.0,0.0,0.0,0.0,
-0.06113699,-1.2499881,-1.2499881,-0.103600085,
-0.049310174,-0.21916269,-0.2274094,-0.068721905,
0.0,0.0,0.0,0.0,
-0.045893136,-0.08717313,-0.068342224,-0.09647574,
0.0,0.0,0.0,0.0,
0.0,0.0,0.0,0.0,
-0.16701095,-1.1984733,-1.2035823,-1.1988856,
0.0,0.0,0.0,0.0,
-1.2499881,-0.11182692,-0.12754552,-0.13899966,
-1.2328564,-0.15927728,-0.15638982,-0.09951285,
-0.9886211,-0.1952831,-0.120118745,-0.45447782,
-1.1875182,-0.09704565,-0.123221494,-1.178949,
-1.2410566,-0.119365826,-0.17372127,-0.14867605,
-0.16826692,-0.02590551,-0.04647302,-0.022505755,
-0.96637994,-0.12923938,-0.17597574,-0.30491313,
-0.10570394,-0.026169188,-0.029139552,-0.09647574,
-1.1014059,-0.16855875,-0.2647929,-0.14157201,
-1.0518179,-0.102620214,-0.3173009,-0.17328523,
-0.26038852,-0.08604273,-0.17166527,-0.18698545,
-0.6739093,-0.12409019,-0.2919389,-0.7956606,
-1.2499881,-0.11769155,-1.2499881,-0.09800472,
-0.74158657,-0.08826894,-0.7576617,-0.10366457,
-1.1308334,-0.119502544,-1.2499881,-0.2667116,
0.0,0.0,0.0,0.0,
-1.2171389,-0.12787865,-0.12899573,-0.1091384,
-0.068342224,-0.028755877,-0.01,-0.009377637,
-0.9470368,-0.16866058,-0.12551782,-0.42231977,
-0.114858314,-0.009761916,0.0,-0.114858314,
-0.12393945,-0.028990114,-0.027189653,-0.018164609,
0.0,0.0,0.0,0.0,
-0.058342222,-0.029059552,-0.008584635,-0.01984064,
-0.01,0.0,0.0,0.0,
-1.0423697,-0.14724487,-0.3198062,-0.10078018,
-0.07717313,-0.018864926,-0.02929014,-0.00992,
-0.01,0.0,0.0,-0.01,
-0.029760638,-0.009081134,-0.009761916,-0.019919999,
-0.6718636,-0.09500528,-0.64817256,-0.09189598,
-0.049206372,0.0,0.0,-0.01,
-0.6947995,-0.10834425,-0.64331913,-0.16520098,
0.0,0.0,0.0,0.0,
-0.53174967,-0.81793696,-0.08881706,-0.11950236,
-0.02960382,-0.049206372,-0.008794007,-0.00960635,
-0.23084626,-0.23754868,-0.0738095,-0.2876244,
-0.048196636,-0.068342224,-0.015419955,-0.029760638,
-0.019602554,-0.049206372,-0.018764954,-0.008794007,
-0.01,0.0,0.0,0.0,
-0.019919999,-0.01,-0.01,-0.01,
0.0,0.0,0.0,0.0,
-0.21090545,-0.21376863,-0.21899016,-0.09973641,
-0.01,-0.01,-0.01,0.0,
-0.06658773,-0.06719482,-0.067879215,-0.058812723,
-0.038902763,-0.038743433,-0.03936699,-0.029760638,
-0.048738405,-0.07779549,-0.049206372,-0.02593433,
-0.01,0.0,0.0,0.0,
-0.03952255,-0.019919999,-0.019919999,-0.019919999,
0.0,0.0,0.0,0.0,
-1.2499881,-1.2499881,-0.13950413,-0.1549044,
-1.2404629,-1.2415457,-0.16773033,-0.1700733,
-0.8052953,-1.2499881,-0.17039189,-0.64709675,
-0.93852127,-0.8900696,-0.07779184,-0.9124704,
-1.2427427,-1.244205,-0.17706372,-0.14227249,
-0.08717313,-0.12393945,-0.037729274,-0.01603942,
-1.0738237,-1.2469772,-0.20664093,-0.32723072,
-0.029760638,-0.03952255,-0.01,-0.019919999,
-1.1383337,-1.2499881,-0.41123673,-0.12684797,
-1.1145566,-1.2474052,-0.27558056,-0.18523842,
0.0,0.0,-0.01,0.0,
-0.36412,-0.37214342,-0.31555828,-0.38613296,
-1.2499881,-1.2499881,-1.2499881,-0.13869339,
-0.7121819,-0.6718636,-0.6625012,-0.120147526,
-1.0244998,-1.2499881,-1.2499881,-0.48512644,
0.0,0.0,0.0,0.0,
0.0,0.0,0.0,0.0,
0.0,0.0,0.0,0.0,
-1.0710493,-0.1415147,-0.1433769,-1.073901,
0.0,0.0,0.0,0.0,
0.0,0.0,0.0,0.0,
0.0,0.0,0.0,0.0,
-0.058812723,-0.018313207,-0.019453265,-0.058812723,
0.0,0.0,0.0,0.0,
-1.2468281,-0.13181832,-1.2462748,-0.1273448,
-0.1940214,-0.058695078,-0.2108495,-0.028952677,
-0.12393945,-0.008584635,-0.068342224,-0.029522553,
-0.14188434,-0.048461415,-0.12393945,-0.13294792,
0.0,0.0,0.0,0.0,
0.0,0.0,0.0,0.0,
-0.4463777,-0.098939136,-0.3507332,-0.43989688,
0.0,0.0,0.0,0.0,
0.0,0.0,0.0,0.0,
0.0,0.0,0.0,0.0,
-0.029760638,-0.00984064,-0.008794007,-0.068342224,
0.0,0.0,0.0,0.0,
0.0,0.0,0.0,0.0,
0.0,0.0,0.0,0.0,
0.0,0.0,0.0,0.0,
0.0,0.0,0.0,0.0,
-0.13294792,-0.054379165,-0.14188434,-0.05312757,
0.0,0.0,0.0,0.0,
-0.01,0.0,0.0,0.0,
-0.01,0.0,0.0,0.0,
0.0,0.0,0.0,0.0,
0.0,0.0,0.0,0.0,
-0.029760638,-0.01,-0.01,-0.01,
0.0,0.0,0.0,0.0,
-1.2421983,-1.2412697,-0.13014726,-0.10538435,
-0.2108495,-0.1940214,-0.04931208,-0.06910166,
-0.60305566,-0.224967,-0.116905816,-0.32447737,
-0.16826692,-0.10570394,-0.057726767,-0.14188434,
-0.1940214,-0.16826692,-0.02442198,-0.034325946,
-0.019919999,-0.01,0.0,0.0,
-0.019919999,-0.01,0.0,-0.029681914,
-0.019919999,-0.01,0.0,0.0,
-0.7207526,-0.41619486,-0.47178745,-0.08720016,
-0.049206372,-0.029210169,-0.01,0.0,
-0.019919999,-0.01984064,-0.019919999,-0.00992,
-0.07779549,-0.04858158,-0.049206372,-0.03952255,
-0.9231425,-0.89294904,-0.9097484,-0.112614945,
-0.03952255,-0.03952255,-0.019919999,-0.016628552,
-0.15954328,-0.15709375,-0.15074927,-0.15189767,
0.0,0.0,0.0,0.0,
0.0,0.0,0.0,0.0,
0.0,0.0,0.0,0.0,
0.0,0.0,0.0,0.0,
0.0,0.0,0.0,0.0,
0.0,0.0,0.0,0.0,
0.0,0.0,0.0,0.0,
0.0,0.0,0.0,0.0,
0.0,0.0,0.0,0.0,
0.0,0.0,0.0,0.0,
0.0,0.0,0.0,0.0,
0.0,0.0,0.0,0.0,
0.0,0.0,0.0,0.0,
0.0,0.0,0.0,0.0,
0.0,0.0,0.0,0.0,
0.0,0.0,0.0,0.0,
0.0,0.0,0.0,0.0,
0.0,0.0,0.0,0.0,
0.0,0.0,0.0,0.0,
0.9624488,1.0204302,0.9521497,-1.2499881,
0.0,0.0,0.0,0.0,
0.0,0.0,0.0,0.0,
0.0,0.0,0.0,0.0,
1.0007211,0.92056817,0.86201286,-1.0012547,
0.0,0.0,0.0,0.0,
0.9504676,0.9820205,-1.2499881,0.9864433,
1.0213517,0.99357504,-1.2071645,0.9513118,
0.8360915,0.29143238,-0.24712357,-0.09624563,
1.1068166,0.94087964,-1.1116097,-1.1212609,
0.0,0.0,0.0,0.0,
0.0,0.0,0.0,0.0,
1.0024519,0.95468795,-1.2499881,-1.2499881,
0.0,0.0,0.0,0.0,
0.0,0.0,0.0,0.0,
0.0,0.0,0.0,0.0,
0.9917485,0.85464036,0.8506249,-1.0259182,
0.0,0.0,0.0,0.0,
0.0,0.0,0.0,0.0,
0.0,0.0,0.0,0.0,
0.20258409,0.029760638,0.049206372,-0.029760638,
0.0,0.0,0.0,0.0,
0.9708611,1.0924472,-1.2213334,0.95519614,
0.05842904,0.34886178,-0.08717313,0.019919999,
0.058812723,0.019919999,0.0,7.999968E-5,
0.35161236,0.07779549,-0.068342224,-0.09647574,
0.0,0.0,0.0,0.0,
0.0,0.0,0.0,0.0,
0.5092429,0.9818342,-0.6764887,-0.74158657,
0.0,0.0,0.0,0.0,
0.9517345,-1.2499881,0.9793866,0.9769499,
1.113574,-1.2335314,0.97043186,0.8831285,
0.9762505,-1.2499881,1.004572,-1.2416911,
0.9941436,-1.2199178,1.0244449,-1.2267367,
0.94733006,-1.2391548,1.0430338,0.94314724,
0.05788046,-0.17692079,0.5715757,0.03960003,
0.53618336,-0.6672012,0.93459857,-0.6235107,
0.52518123,-0.08717313,0.07787051,-0.114858314,
0.9181749,-1.2498145,-1.2499881,1.0846707,
0.67394537,-0.75062823,-0.78457963,1.0096328,
0.491855,-0.0867974,-0.10518415,-0.049066834,
1.0099143,-0.58727723,-0.52278894,-0.54329425,
0.99134445,-1.2499881,-1.2499881,1.0530021,
0.64642894,-0.810026,-0.7291868,1.0165118,
0.9558122,-1.2499733,-1.2499683,-1.249965,
0.0,0.0,0.0,0.0,
0.0,0.0,0.0,0.0,
0.0,0.0,0.0,0.0,
0.9427945,-1.2499881,1.0854992,-1.2499881,
0.0,0.0,0.0,0.0,
0.0,0.0,0.0,0.0,
0.0,0.0,0.0,0.0,
0.36766616,-0.5489479,0.97065115,-0.54329425,
0.0,0.0,0.0,0.0,
0.99555516,-1.2499881,-1.2499881,0.95063126,
0.61998993,-0.8064778,-0.788303,1.0149812,
0.029760638,-0.01,0.0,0.0,
1.0112385,-0.576545,-0.54329425,-0.60305566,
0.0,0.0,0.0,0.0,
0.0,0.0,0.0,0.0,
1.0090493,-1.2499685,-1.2499824,-1.2499704,
0.0,0.0,0.0,0.0,
0.0,0.0,0.0,0.0,
0.0,0.0,0.0,0.0,
0.90184134,0.8793939,1.029344,-1.0277109,
0.0,0.0,0.0,0.0,
0.0,0.0,0.0,0.0,
0.0,0.0,0.0,0.0,
0.17541617,0.058812723,-1.587253E-4,-0.01,
0.0,0.0,0.0,0.0,
0.99078417,1.0150083,-1.2189355,1.0800967,
0.440826,0.058812723,-0.08717313,0.05767639,
0.08671381,0.0,-0.019919999,-7.999968E-5,
0.28610304,0.07756921,-0.029760638,-0.058812723,
0.0,0.0,0.0,0.0,
0.0,0.0,0.0,0.0,
0.45114806,0.95447874,-0.6082312,-0.6082312,
0.0,0.0,0.0,0.0,
0.0,0.0,0.0,0.0,
0.0,0.0,0.0,0.0,
0.21280783,0.019919999,0.029838737,-0.03952255,
0.0,0.0,0.0,0.0,
0.0,0.0,0.0,0.0,
0.0,0.0,0.0,0.0,
0.019919999,0.0,0.0,0.0,
0.0,0.0,0.0,0.0,
0.32666406,0.09647574,-0.09647574,0.06811412,
0.01,0.0,0.0,0.0,
-0.01,0.0,0.0,0.0,
0.029760638,0.0,0.0,0.0,
0.0,0.0,0.0,0.0,
0.0,0.0,0.0,0.0,
0.019682553,0.10393945,-0.019919999,-0.01,
0.0,0.0,0.0,0.0,
0.98527306,-1.2331296,1.0118307,0.9702772,
0.38452432,-0.08717313,0.06717313,0.123575605,
0.49352565,-0.56563896,0.94674003,-0.62747663,
0.47323775,-0.114858314,0.13229288,-0.12393945,
0.56028014,-0.114858314,0.068342224,0.10465466,
0.01,0.0,0.0,0.0,
0.01,0.0,0.14920795,-0.029760638,
0.019919999,-0.01,0.01,0.0,
0.7146253,-0.8205011,-0.8536503,0.9733949,
0.13074927,-0.029760638,-0.049206372,0.029760638,
0.03952255,0.0,0.0,0.0,
0.12386736,-0.019919999,-0.019919999,-0.03952255,
0.7278961,-0.8871669,-0.95078266,1.0409815,
0.12063674,-0.01,-0.01,0.01,
0.8561884,-0.2597417,-0.25175574,-0.27552244,
0.0,0.0,0.0,0.0,
0.0,0.0,0.0,0.0,
0.0,0.0,0.0,0.0,
0.950268,-0.3998995,0.33444515,-0.47801238,
0.0,0.0,0.0,0.0,
0.0,0.0,0.0,0.0,
0.0,0.0,0.0,0.0,
0.01,0.0,0.029366372,-0.01,
0.0,0.0,0.0,0.0,
1.0663412,-0.7291868,-0.78457963,0.58149654,
0.09485832,-0.01,-0.01,0.01,
0.0,0.0,0.0,0.0,
0.15954328,0.0,-0.019919999,0.0,
0.0,0.0,0.0,0.0,
0.0,0.0,0.0,0.0,
0.651481,-0.30633345,-0.26766375,-0.26766375,
0.0,0.0,0.0,0.0,
-1.2499881,0.96216345,0.9652774,0.9609838,
-0.8064778,1.0998628,0.64639074,0.57233644,
-1.2499881,1.037952,0.96937335,-1.2426959,
-0.5084019,0.95282406,0.3706701,-0.4841883,
-0.70784473,1.0350128,0.51354486,0.5815932,
-0.029760638,-0.01,0.01,0.08647574,
-0.4333638,0.36205277,0.9127507,-0.3138828,
-0.049206372,0.068342224,0.01,0.0,
-1.2445204,1.0181222,-1.2499647,0.96099323,
-0.5489479,1.0630623,-0.5711139,0.43080926,
-0.07779549,0.40185115,-0.07741673,-0.029368931,
-0.13294792,0.49212196,-0.09647574,-0.07779549,
-1.2499504,1.04011,-1.2498919,1.021052,
-0.15074927,0.76404184,-0.17692079,0.15954328,
-1.2361898,1.0745382,-1.2359757,-1.2352833,
0.0,0.0,0.0,0.0,
-0.8205011,0.9714975,0.6812289,0.6059417,
-0.019919999,0.09647574,0.019919999,0.01,
-0.40310717,0.7831874,0.2757441,-0.45918423,
-0.029760638,0.07756921,7.999968E-5,-0.01,
-0.01,0.12236052,0.01,0.03952255,
0.0,0.0,0.0,0.0,
-0.01,0.0,0.07779549,0.0,
0.0,0.01,0.0,0.0,
-0.43989688,0.8788079,-0.53184974,0.38628143,
-0.01,0.058812723,0.0,0.01,
0.0,0.0,-7.999968E-5,0.0,
-0.01,0.01,-0.01,0.0,
-0.25175574,0.77829146,-0.23559012,0.19071631,
0.0,0.0,0.0,0.009760639,
-0.10570394,0.47770077,-0.21916269,-0.10570394,
0.0,0.0,0.0,0.0,
-0.112461515,-0.34617886,0.965583,0.36088803,
-0.049206372,0.0,0.019919999,0.049206372,
-4.5886263E-4,-0.15074927,0.54996693,-0.09564561,
0.01007936,-0.049206372,0.21916269,-0.058812723,
0.0,-0.019919999,0.01,0.12215343,
-0.01,0.0,0.0,0.0,
-0.01,-0.019919999,0.0,0.0,
0.0,0.0,0.0,0.0,
-0.009751311,-0.140788,-0.068342224,0.38203496,
-0.01007936,-0.01,-0.01,-7.999968E-5,
-0.01007936,-0.03952255,-0.019919999,-0.01,
-0.01,-0.01,-0.01,-0.019919999,
-0.01007936,-0.019919999,-0.01,0.058812723,
0.0,0.0,0.0,0.0,
1.2749806E-6,-0.019919999,-0.01,-0.01,
0.0,0.0,0.0,0.0,
-1.2499881,-1.2499881,1.0979227,0.9293775,
-0.537595,-0.53184974,0.47890785,1.0009111,
-1.248729,-1.2489542,1.0816674,-1.2487214,
-0.20246924,-0.20246924,0.6560403,-0.1940214,
-0.537595,-0.5978384,0.48006034,1.0043753,
-0.01,-0.019919999,-0.01,0.049206372,
-0.10570394,-0.10570394,0.46930572,-0.10570394,
-0.01,-0.01,-7.999968E-5,-0.019919999,
-1.2499841,-1.2499881,-1.2499868,1.0497618,
-0.2597417,-0.1940214,-0.2108495,0.7912624,
0.0,0.0,0.0,0.0,
-0.058812723,-0.058812723,-0.058812723,-0.049206372,
-1.244343,-1.2451046,-1.244111,1.0288496,
-0.12393945,-0.03952255,-0.03952255,0.48069346,
-1.2166067,-1.2168739,-1.2163374,-1.2166067,
0.0,0.0,0.0,0.0,
0.0,0.0,0.0,0.0,
0.0,0.0,0.0,0.0,
-0.694622,1.0911641,0.5601331,-0.8205011,
0.0,0.0,0.0,0.0,
0.0,0.0,0.0,0.0,
0.0,0.0,0.0,0.0,
-0.068342224,0.03952255,0.121067986,-0.029760638,
0.0,0.0,0.0,0.0,
-0.97164965,0.87370074,-0.9602433,1.0722702,
-0.068342224,0.26053345,-0.01,0.019919999,
-0.019919999,0.09373523,-0.029760638,-0.01,
-0.03952255,0.16494778,-0.03952255,-0.03952255,
0.0,0.0,0.0,0.0,
0.0,0.0,0.0,0.0,
-0.2274094,0.8690915,-0.3361704,-0.2597417,
0.0,0.0,0.0,0.0,
0.0,0.0,0.0,0.0,
0.0,0.0,0.0,0.0,
-0.029760638,0.1044156,0.01,0.0,
0.0,0.0,0.0,0.0,
0.0,0.0,0.0,0.0,
0.0,0.0,0.0,0.0,
0.0,0.0,0.0,0.0,
0.0,0.0,0.0,0.0,
-0.049206372,0.19494678,-0.029760638,0.03952255,
-0.01,0.01,0.0,0.0,
0.0,0.0,0.0,0.0,
-0.01,0.0,0.0,0.0,
0.0,0.0,0.0,0.0,
0.0,0.0,0.0,0.0,
-0.019919999,0.029760638,-0.01,0.0,
0.0,0.0,0.0,0.0,
-1.0204532,-1.0465082,1.0158644,0.87956357,
-0.029760638,-0.068342224,0.1383718,0.049206372,
-0.3138828,-0.37214342,0.84465617,-0.22861111,
-0.08717313,-0.114858314,0.37443656,-0.09647574,
-0.07779549,-0.029760638,0.24266009,0.07749779,
-0.01,-0.01,0.0,0.0,
-0.019919999,-0.019919999,0.05795548,-0.01,
-0.01,-0.01,0.0,0.0,
-0.18550543,-0.15755315,-0.2274094,0.7107287,
-0.01,0.01,0.0,0.0,
-0.01,-0.01,0.0,0.0,
-0.01,-0.01,-0.01,-0.01,
-0.4067003,-0.5084019,-0.38613296,0.98239374,
-0.019919999,-0.03952255,-0.019919999,0.068342224,
-0.21916269,-0.21916269,-0.21916269,-0.2274094,
0.0,0.0,0.0,0.0,
0.0,0.0,0.0,0.0,
0.0,0.0,0.0,0.0,
0.0,0.0,0.0,0.0,
0.0,0.0,0.0,0.0,
0.0,0.0,0.0,0.0,
0.0,0.0,0.0,0.0,
0.0,0.0,0.0,0.0,
0.0,0.0,0.0,0.0,
0.0,0.0,0.0,0.0,
0.0,0.0,0.0,0.0,
0.0,0.0,0.0,0.0,
0.0,0.0,0.0,0.0,
0.0,0.0,0.0,0.0,
0.0,0.0,0.0,0.0,
0.0,0.0,0.0,0.0,
0.0,0.0,0.0,0.0,
0.0,0.0,0.0,0.0,
0.0,0.0,0.0,0.0,
2.0467937,2.1939037,2.0617006,-1.2499881,
0.0,0.0,0.0,0.0,
0.0,0.0,0.0,0.0,
0.0,0.0,0.0,0.0,
1.8900591,0.4539384,0.61859256,-0.3361704,
0.0,0.0,0.0,0.0,
1.998111,2.093938,-1.2499881,2.2110481,
2.0334842,0.7950324,-0.38613296,0.79875904,
0.1268438,0.8557391,-0.03929076,-0.029298877,
1.9677391,0.53766036,-0.3507332,-0.3361704,
0.0,0.0,0.0,0.0,
0.0,0.0,0.0,0.0,
2.0758708,2.256575,-1.2213334,-1.218685,
0.0,0.0,0.0,0.0,
0.0,0.0,0.0,0.0,
0.0,0.0,0.0,0.0,
2.0734198,0.70165765,0.91836846,-0.45918423,
0.0,0.0,0.0,0.0,
0.0,0.0,0.0,0.0,
0.0,0.0,0.0,0.0,
0.12677193,0.02,0.0,-0.01,
0.0,0.0,0.0,0.0,
1.9386699,0.94605553,-0.4903148,0.88081586,
0.22971663,0.02,0.0,0.02,
0.059521277,0.0,-0.019919999,-0.01,
0.02,0.22033896,-0.019919999,-0.019919999,
0.0,0.0,0.0,0.0,
0.0,0.0,0.0,0.0,
1.3436136,0.37918448,-0.114858314,-0.12393945,
0.0,0.0,0.0,0.0,
2.1252596,-1.2499881,2.1768486,2.2156618,
2.0947294,-0.5084019,0.7382996,0.7945064,
2.0595627,-0.031123199,2.2453158,-1.0784315,
2.0641475,-0.8205011,1.3674839,-0.8536503,
2.1499271,-0.56011987,0.7744038,0.934955,
0.17276464,-0.019919999,0.0,0.02,
1.0269814,-0.058576144,0.26589584,-0.058812723,
0.38065752,-0.03952255,0.029761279,-0.029760638,
2.1864674,-0.9599478,-0.7063659,2.1053152,
1.2919552,-0.08507508,-0.13510026,0.35852084,
2.0937324,-0.6558298,0.56594753,0.006693298,
1.3414974,-0.18550543,-0.16763939,-0.16826692,
2.0316958,-1.1263288,-1.1603122,2.121207,
0.3346284,0.0,-0.029760638,0.0790451,
2.1251028,-0.51318103,-0.8170374,-0.6618579,
0.0,0.0,0.0,0.0,
0.0,0.0,0.0,0.0,
0.0,0.0,0.0,0.0,
2.1731882,-0.6334945,1.1919307,-0.64331913,
0.0,0.0,0.0,0.0,
0.0,0.0,0.0,0.0,
0.0,0.0,0.0,0.0,
0.17434625,0.0,-0.01,-0.029760638,
0.0,0.0,0.0,0.0,
2.1892452,-1.2324382,-1.2374676,2.0816522,
0.9404548,-0.10570394,-0.058812723,0.039839998,
-0.01,-0.01,0.0,0.0,
1.1257778,-0.12393945,-0.12393945,-0.08717313,
0.0,0.0,0.0,0.0,
0.0,0.0,0.0,0.0,
1.9285302,-0.25175574,-0.35792735,-0.3361704,
0.0,0.0,0.0,0.0,
0.0,0.0,0.0,0.0,
0.0,0.0,0.0,0.0,
0.63488585,1.8154902,0.37172762,-0.29872325,
0.0,0.0,0.0,0.0,
0.0,0.0,0.0,0.0,
0.0,0.0,0.0,0.0,
0.02,0.02,0.068890825,-0.01,
0.0,0.0,0.0,0.0,
0.47696927,2.018453,-0.43989688,0.7174777,
0.0,0.15559098,0.0,0.039839998,
0.02,0.0,-0.01,0.0,
0.10716252,0.02,-0.01,0.0,
0.0,0.0,0.0,0.0,
0.0,0.0,0.0,0.0,
0.85983515,0.039839998,-0.114858314,-0.07779549,
0.0,0.0,0.0,0.0,
0.0,0.0,0.0,0.0,
0.0,0.0,0.0,0.0,
0.02,0.02,0.098412745,-0.019919999,
0.0,0.0,0.0,0.0,
0.0,0.0,0.0,0.0,
0.0,0.0,0.0,0.0,
0.0,0.0,0.0,0.0,
0.0,0.0,0.0,0.0,
0.098412745,0.0,0.0,-0.01,
0.0,0.0,0.0,0.0,
0.0,0.0,0.0,0.0,
0.0,0.0,-0.01,0.0,
0.0,0.0,0.0,0.0,
0.0,0.0,0.0,0.0,
0.02,0.0,-0.01,-0.01,
0.0,0.0,0.0,0.0,
2.0403209,-0.60305566,1.0781752,1.1195939,
0.00984,0.0,0.02,0.0,
1.1320759,0.039345086,0.22949979,-0.07570394,
0.49833924,-0.049206372,0.088573985,0.0,
0.117625445,0.0,0.039839998,0.039839998,
0.0,0.0,0.0,0.0,
0.02,-0.01,0.0,-0.019919999,
0.0,0.0,0.0,0.0,
1.354439,-0.1389812,-0.1940214,0.20225349,
0.059521277,0.0,-0.019919999,0.039839998,
0.20158371,-0.029760638,0.020237446,0.01008,
0.01008,0.0,-0.01,0.0,
0.936994,-0.03952255,-0.068342224,0.088573985,
0.0,0.0,0.0,0.0,
0.23165677,0.01008,-0.019919999,0.0,
0.0,0.0,0.0,0.0,
0.0,0.0,0.0,0.0,
0.0,0.0,0.0,0.0,
0.19295149,0.0,0.02,-0.01,
0.0,0.0,0.0,0.0,
0.0,0.0,0.0,0.0,
0.0,0.0,0.0,0.0,
0.0,0.0,0.0,0.0,
0.0,0.0,0.0,0.0,
0.8497634,-0.07779549,-0.068342224,0.07740252,
0.0,0.0,0.0,0.0,
0.0,0.0,0.0,0.0,
0.0,0.0,0.0,0.0,
0.0,0.0,0.0,0.0,
0.0,0.0,0.0,0.0,
0.14559098,-0.01,-0.029760638,-0.01,
0.0,0.0,0.0,0.0,
-1.24892,2.1168237,2.1248653,2.1300642,
-0.114858314,0.32669064,0.30149853,1.4367735,
-0.7209794,2.1014385,2.1452103,-0.6758386,
-0.09647574,0.7945715,0.16366573,-0.08717313,
-0.15954328,0.30149853,1.2114923,0.2478789,
0.0,0.02,0.0,0.0,
-0.0097625535,0.02,0.7507992,-0.06856789,
0.0,0.0,0.0,0.0,
-0.75144523,2.0795784,-0.58846873,2.1198123,
-0.07618202,0.83551913,-0.07779549,0.21140788,
-0.4724345,2.0727198,0.1514745,0.13495089,
-0.019919999,0.3157999,-0.029760638,-0.019919999,
-1.2120268,2.204047,-1.2155164,2.121497,
-0.09647574,0.17434625,-0.07779549,0.7183338,
-0.9668368,2.2733262,-1.0347391,-0.12999798,
0.0,0.0,0.0,0.0,
-0.15074927,1.3496289,0.22795118,0.31000543,
0.0,0.039839998,0.0,0.0,
-0.038370945,0.63858247,0.039839998,-0.049206372,
0.0,0.0,0.0,0.0,
-0.01,0.039839998,0.02,-0.01,
0.0,0.0,0.0,0.0,
-0.01,0.0,0.039839998,0.0,
0.0,0.0,0.0,0.0,
-0.03719382,1.0142102,-0.03862034,0.16413242,
-0.01,0.0790451,0.0,0.0,
-0.019919999,0.02,0.02,0.028579697,
0.0,0.0,0.0,0.0,
-0.08717313,0.91868156,-0.068342224,0.098412745,
0.0,0.0,0.0,0.0,
-0.049206372,0.5544189,-0.019919999,-0.019919999,
0.0,0.0,0.0,0.0,
0.03136412,-0.11188434,1.0196339,0.21835697,
-0.01,-0.019919999,0.0,0.0,
-0.288774,0.5979981,2.1526783,-0.47717315,
-2.3871846E-4,-0.01,0.02,0.0,
0.0,0.0,0.0,0.02,
0.0,0.0,0.0,0.0,
-0.019919999,0.13506977,0.0,0.0,
0.0,0.0,0.0,0.0,
0.31245536,0.21093887,-0.6020336,2.1345654,
0.01008,-0.01,-0.019919999,0.17434625,
0.029761279,-0.01,-0.019919999,-0.01,
-0.01,0.00984,-0.01,0.0,
0.0,0.0,0.0,0.02,
0.0,0.0,0.0,0.0,
-0.055573147,1.0574934,-0.12393945,-0.10570394,
0.0,0.0,0.0,0.0,
-1.1438328,-1.1588596,2.056265,2.1931715,
-0.049206372,-0.058812723,0.47760049,0.068890825,
-0.21972682,-0.537595,2.0285695,-0.26209897,
-0.029760638,-0.019919999,0.31908655,-0.019919999,
-0.068342224,-0.03952255,0.4590181,0.04952319,
0.0,0.0,0.0,0.0,
0.0,-0.029760638,0.12559098,0.0,
0.0,0.0,0.0,0.0,
-0.33976677,-1.073901,-0.86678946,2.243039,
-0.019913778,-0.03952255,-0.010236809,0.2924174,
-0.17692079,-0.20246924,-0.04868864,0.33606297,
-0.019919999,-0.01,-0.01,0.0,
-0.8273456,-0.8472317,-0.84070915,2.2122838,
-0.049206372,-0.019919999,0.0,0.26391754,
-0.27476543,-0.2910517,-0.2910517,-0.28052455,
0.0,0.0,0.0,0.0,
0.0,0.0,0.0,0.0,
0.0,0.0,0.0,0.0,
-0.35792735,1.8542846,0.73747855,-0.38613296,
0.0,0.0,0.0,0.0,
0.0,0.0,0.0,0.0,
0.0,0.0,0.0,0.0,
-0.019919999,0.098412745,0.0,0.0,
0.0,0.0,0.0,0.0,
-0.10570394,0.8531586,-0.10570394,0.12606905,
-0.01,0.0,0.0,0.0,
-0.019919999,0.0,0.0,0.0,
0.0,0.0,0.0,0.0,
0.0,0.0,0.0,0.0,
0.0,0.0,0.0,0.0,
-0.08717313,0.9795955,-0.08717313,-0.14188434,
0.0,0.0,0.0,0.0,
0.0,0.0,0.0,0.0,
0.0,0.0,0.0,0.0,
-0.029760638,0.19295149,0.0,-0.019919999,
0.0,0.0,0.0,0.0,
0.0,0.0,0.0,0.0,
0.0,0.0,0.0,0.0,
-0.01,0.02,0.0,0.0,
0.0,0.0,0.0,0.0,
-0.019919999,0.0,0.0,0.02,
0.0,0.0,0.0,0.0,
0.0,0.0,0.0,0.0,
0.0,0.0,0.0,0.0,
0.0,0.0,0.0,0.0,
0.0,0.0,0.0,0.0,
-0.01,0.02,-0.019919999,0.0,
0.0,0.0,0.0,0.0,
-0.5084019,-0.42013913,2.0687907,0.6277656,
-0.019919999,-0.029760638,0.117625445,0.039839998,
-0.15954328,-0.050539777,1.5297565,-0.12393945,
-0.03952255,-0.029760638,0.49099725,-0.01,
-0.019919999,-0.029760638,0.12630522,0.020237446,
0.0,0.0,0.0,0.0,
-0.01,-0.019919999,0.02,0.0,
-0.01,0.0,0.0,-0.01,
-0.07779549,-0.09647574,-0.058806702,0.52352434,
0.0,0.0,0.0,0.0,
-0.01,-0.01,-0.019919999,0.02,
-0.01,0.0,0.0,0.0,
-0.058812723,-0.08717313,-0.03952255,0.56805855,
0.0,0.0,0.0,0.0,
-0.068342224,-0.07734415,-0.068342224,-0.068342224,
0.0,0.0,0.0,0.0,
0.0,0.0,0.0,0.0,
0.0,0.0,0.0,0.0,
0.0,0.0,0.0,0.0,
0.0,0.0,0.0,0.0,
0.0,0.0,0.0,0.0,
0.0,0.0,0.0,0.0,
0.0,0.0,0.0,0.0,
0.0,0.0,0.0,0.0,
0.0,0.0,0.0,0.0,
0.0,0.0,0.0,0.0,
0.0,0.0,0.0,0.0,
0.0,0.0,0.0,0.0,
0.0,0.0,0.0,0.0,
0.0,0.0,0.0,0.0,
0.0,0.0,0.0,0.0,
0.0,0.0,0.0,0.0,
0.0,0.0,0.0,0.0,
0.0,0.0,0.0,0.0,
2.952507,2.9359114,3.370984,-1.0913618,
0.0,0.0,0.0,0.0,
0.0,0.0,0.0,0.0,
0.0,0.0,0.0,0.0,
0.81214166,0.06793912,0.059759997,-0.07779549,
0.0,0.0,0.0,0.0,
3.3358967,2.0956624,-0.6856281,1.8198665,
0.45224777,0.059759997,-0.019919999,0.059759997,
0.2894272,0.059759997,-0.01,-0.01,
0.32500866,0.11856766,-0.01,-0.01,
0.0,0.0,0.0,0.0,
0.0,0.0,0.0,0.0,
1.5164071,3.385502,-0.5084019,-0.47178668,
0.0,0.0,0.0,0.0,
0.0,0.0,0.0,0.0,
0.0,0.0,0.0,0.0,
1.1669238,0.20502666,0.16629139,-0.09647574,
0.0,0.0,0.0,0.0,
0.0,0.0,0.0,0.0,
0.0,0.0,0.0,0.0,
0.03,0.0,0.0,0.0,
0.0,0.0,0.0,0.0,
0.5048008,0.059759997,-0.03952255,0.11856766,
0.0,0.0,0.0,0.0,
0.0,0.0,0.0,0.0,
0.0,0.0,0.0,0.0,
0.0,0.0,0.0,0.0,
0.0,0.0,0.0,0.0,
0.38844258,0.03,-0.019919999,-0.019919999,
0.0,0.0,0.0,0.0,
2.7812383,-1.0448672,3.2714114,2.6745932,
0.020079998,-0.049206372,0.7535361,0.08928192,
3.283643,-0.47801238,1.0722164,-0.54329425,
1.3921709,-0.09647574,0.2894272,-0.12393945,
0.64202285,-0.07779549,0.11856766,0.08928192,
0.0,0.0,0.0,0.0,
0.1555734,0.0,0.0,-0.01,
0.03,0.0,0.08928192,0.0,
3.2931018,-0.6672012,-0.5761548,1.4475851,
0.26151934,-0.019919999,-0.019919999,0.03,
1.35381,-0.114858314,-0.114858314,-0.068342224,
0.2680315,-0.03952255,-0.01,-0.019919999,
3.167825,-0.4463777,-0.4333638,1.1058501,
0.16629139,-0.019919999,0.0,0.0,
1.5727684,-0.14188434,-0.09647574,-0.058812723,
0.0,0.0,0.0,0.0,
0.0,0.0,0.0,0.0,
0.0,0.0,0.0,0.0,
0.15621084,-0.029760638,0.91016406,-0.10570394,
0.0,0.0,0.0,0.0,
0.0,0.0,0.0,0.0,
0.0,0.0,0.0,0.0,
0.0,0.0,0.0,0.0,
0.0,0.0,0.0,0.0,
2.927398,-0.41344672,-0.38613296,0.903326,
0.14761911,0.0,-0.01,0.0,
0.0,0.0,0.0,0.0,
0.11856766,0.0,-0.01,0.0,
0.0,0.0,0.0,0.0,
0.0,0.0,0.0,0.0,
0.068256564,0.0,-0.019919999,-0.01,
0.0,0.0,0.0,0.0,
0.0,0.0,0.0,0.0,
0.0,0.0,0.0,0.0,
0.85255086,0.14761911,0.15589339,-0.08717313,
0.0,0.0,0.0,0.0,
0.0,0.0,0.0,0.0,
0.0,0.0,0.0,0.0,
0.03,0.0,0.0,0.0,
0.0,0.0,0.0,0.0,
0.23338644,0.07952,-0.049206372,0.049919356,
0.0,0.0,0.0,0.0,
0.0,0.0,0.0,0.0,
0.0,0.0,0.0,0.0,
0.0,0.0,0.0,0.0,
0.0,0.0,0.0,0.0,
0.23338644,0.0,-0.01,-0.019919999,
0.0,0.0,0.0,0.0,
0.0,0.0,0.0,0.0,
0.0,0.0,0.0,0.0,
0.020079998,0.0,0.0,0.0,
0.0,0.0,0.0,0.0,
0.0,0.0,0.0,0.0,
0.0,0.0,0.0,0.0,
0.0,0.0,0.0,0.0,
0.0,0.0,0.0,0.0,
0.0,0.0,0.0,0.0,
0.0,0.0,0.0,0.0,
0.0,0.0,0.0,0.0,
0.0,0.0,0.0,0.0,
0.0,0.0,0.0,0.0,
0.0,0.0,0.0,0.0,
0.0,0.0,0.0,0.0,
0.0,0.0,0.0,0.0,
0.58591694,-0.114858314,0.26151934,0.098572746,
0.069208905,0.0,0.0,0.0,
0.23992124,-0.01,0.03,0.0,
0.0,0.0,0.0,-0.01,
0.0,-0.01,0.0,0.0,
0.0,0.0,0.0,0.0,
0.0,0.0,0.0,0.0,
0.0,0.0,0.0,0.0,
0.2494272,-0.01,-0.019919999,0.03,
0.0,0.0,0.0,0.0,
0.0,0.0,0.0,0.0,
0.0,0.0,0.0,0.0,
0.13643816,-0.01,-0.019919999,0.03,
0.0,0.0,0.0,0.0,
0.03,0.0,0.0,0.0,
0.0,0.0,0.0,0.0,
0.0,0.0,0.0,0.0,
0.0,0.0,0.0,0.0,
0.059759997,0.0,0.03,-0.01,
0.0,0.0,0.0,0.0,
0.0,0.0,0.0,0.0,
0.0,0.0,0.0,0.0,
0.0,0.0,0.0,0.0,
0.0,0.0,0.0,0.0,
0.11856766,0.0,0.0,0.0,
0.03,0.0,0.0,0.0,
0.0,0.0,0.0,0.0,
0.0,0.0,0.0,0.0,
0.0,0.0,0.0,0.0,
0.0,0.0,0.0,0.0,
0.0,0.0,0.0,0.0,
0.0,0.0,0.0,0.0,
-0.694622,3.4594722,1.9305065,1.6358876,
-0.049206372,0.31711176,0.059759997,0.059759997,
-0.23559012,2.2762167,0.54301643,-0.17705816,
-0.01,0.0,0.19526476,0.0,
-0.029760638,0.45224777,0.059759997,0.059759997,
0.0,0.0,0.0,0.0,
-0.01,0.059759997,0.0,0.0,
0.0,0.0,0.0,0.0,
-0.15074927,0.29706836,-0.15954328,2.0462382,
0.0,0.0,-0.01,0.059759997,
-0.019919999,0.4175197,-0.019919999,-0.029760638,
-0.01,0.01976,0.0,0.0,
-0.6672012,3.3427713,-0.64331913,1.6815691,
-0.01,0.0,-0.01,0.34457487,
-0.1940214,2.43521,-0.30633345,-0.25175574,
0.0,0.0,0.0,0.0,
-0.019919999,0.078887664,0.2516787,0.020079998,
0.0,0.0,0.0,0.0,
-0.01,0.03,0.0,-0.01,
0.0,0.0,0.0,0.0,
0.0,0.0,0.0,0.0,
0.0,0.0,0.0,0.0,
0.0,0.0,0.0,0.0,
0.0,0.0,0.0,0.0,
-0.01,0.0,0.0,0.0,
0.0,0.0,0.0,0.0,
0.0,0.0,0.0,0.0,
0.0,0.0,0.0,0.0,
-0.029760638,0.41412976,-0.019919999,0.0,
0.0,0.0,0.0,0.0,
0.0,0.13770288,0.0,-0.01,
0.0,0.0,0.0,0.0,
0.03,-0.019919999,0.23338644,0.059759997,
-0.01,-0.01,0.0,0.0,
-0.03952255,-0.029760638,0.45387188,-0.019919999,
0.0,0.0,0.0,-0.01,
0.0,0.0,0.0,0.0,
0.0,0.0,0.0,0.0,
-0.01,0.0,0.0,-0.01,
0.0,0.0,0.0,0.0,
-0.114858314,-0.07779549,-0.10570394,1.3459438,
0.0,0.0,0.0,0.0,
-0.01,-0.01,0.0,0.0,
0.0,0.0,0.0,0.0,
0.0,0.0,0.0,0.0,
0.0,0.0,0.0,0.0,
-0.03952255,-0.03952255,-0.029760638,-0.029760638,
0.0,0.0,0.0,0.0,
-0.2274094,-0.20246924,0.42170438,2.545879,
-0.01,-0.01,0.03,0.0,
-0.019919999,-0.03952255,0.059759997,-0.019919999,
-0.01,0.0,0.0,0.0,
-0.01,0.0,0.0,0.0,
0.0,0.0,0.0,0.0,
0.0,0.0,0.0,0.0,
0.0,0.0,0.0,0.0,
-0.049206372,-0.08717313,-0.08717313,1.4504341,
-0.01,-0.01,-0.01,0.0,
-0.019919999,-0.01,-0.01,-0.01,
-0.01,0.0,-0.01,0.0,
-0.16826692,-0.16826692,-0.114858314,2.0295033,
-0.019919999,0.0,0.0,0.04960192,
-0.019919999,-0.019919999,-0.019919999,-0.019919999,
0.0,0.0,0.0,0.0,
0.0,0.0,0.0,0.0,
0.0,0.0,0.0,0.0,
-0.049206372,0.42878917,0.04976,-0.03952255,
0.0,0.0,0.0,0.0,
0.0,0.0,0.0,0.0,
0.0,0.0,0.0,0.0,
0.0,0.0,0.0,0.0,
0.0,0.0,0.0,0.0,
-0.114858314,0.088483274,-0.08717313,1.1869177,
0.0,0.0,0.0,0.11856766,
-0.01,0.0,0.0,0.0,
-0.01,0.0,0.0,0.0,
0.0,0.0,0.0,0.0,
0.0,0.0,0.0,0.0,
-0.01,0.13675816,-0.01,0.0,
0.0,0.0,0.0,0.0,
0.0,0.0,0.0,0.0,
0.0,0.0,0.0,0.0,
-0.01,0.0,0.0,0.0,
0.0,0.0,0.0,0.0,
0.0,0.0,0.0,0.0,
0.0,0.0,0.0,0.0,
0.0,0.0,0.0,0.0,
0.0,0.0,0.0,0.0,
-0.01,0.0,0.0,0.0,
0.0,0.0,0.0,0.0,
0.0,0.0,0.0,0.0,
0.0,0.0,0.0,0.0,
0.0,0.0,0.0,0.0,
0.0,0.0,0.0,0.0,
-0.01,0.0,0.0,0.0,
0.0,0.0,0.0,0.0,
-0.09647574,-0.058812723,0.63792884,0.10888384,
0.0,0.0,0.0,0.0,
-0.01,0.0,0.16660126,-0.01,
-0.01,-0.01,0.0,-0.01,
-0.01,0.0,0.0,0.03,
0.0,0.0,0.0,0.0,
0.0,0.0,0.0,0.0,
0.0,0.0,0.0,0.0,
0.0,-0.01,0.0,0.2894272,
0.0,0.0,0.0,0.0,
-0.01,-0.01,0.0,0.0,
0.0,0.0,0.0,0.0,
-0.01,-0.01,-0.049206372,0.657488,
-0.01,0.0,0.0,0.0,
-0.01,-0.01,-0.01,0.0,
0.0,0.0,0.0,0.0,
0.0,0.0,0.0,0.0,
0.0,0.0,0.0,0.0,
0.0,0.0,0.0,0.0,
0.0,0.0,0.0,0.0,
0.0,0.0,0.0,0.0,
0.0,0.0,0.0,0.0,
0.0,0.0,0.0,0.0,
0.0,0.0,0.0,0.0,
0.0,0.0,0.0,0.0,
0.0,0.0,0.0,0.0,
0.0,0.0,0.0,0.0,
0.0,0.0,0.0,0.0,
0.0,0.0,0.0,0.0,
0.0,0.0,0.0,0.0,
0.0,0.0,0.0,0.0,
0.0,0.0,0.0,0.0,
0.0,0.0,0.0,0.0,
0.0,0.0,0.0,0.0,
2.254913,0.30180427,0.21588388,-0.08717313,
0.0,0.0,0.0,0.0,
0.0,0.0,0.0,0.0,
0.0,0.0,0.0,0.0,
0.079679996,0.0,0.0,0.0,
0.0,0.0,0.0,0.0,
1.6171843,0.18565089,-0.12393945,0.38590297,
0.0,0.04,0.0,0.0,
0.079679996,0.0,0.0,0.0,
0.04,0.0,0.0,0.0,
0.0,0.0,0.0,0.0,
0.0,0.0,0.0,0.0,
0.48565075,0.079679996,-0.03952255,-0.029760638,
0.0,0.0,0.0,0.0,
0.0,0.0,0.0,0.0,
0.0,0.0,0.0,0.0,
0.079679996,0.0,0.0,0.0,
0.0,0.0,0.0,0.0,
0.0,0.0,0.0,0.0,
0.0,0.0,0.0,0.0,
0.0,0.0,0.0,0.0,
0.0,0.0,0.0,0.0,
0.11904255,0.0,0.0,0.04,
0.0,0.0,0.0,0.0,
0.0,0.0,0.0,0.0,
0.0,0.0,0.0,0.0,
0.0,0.0,0.0,0.0,
0.0,0.0,0.0,0.0,
0.0,0.0,0.0,0.0,
0.0,0.0,0.0,0.0,
4.392876,-0.36506394,1.4967743,1.3728229,
0.14682549,-0.01,0.04,0.1580902,
0.843398,-0.01,0.079679996,-0.019919999,
0.33825547,0.0,0.0,-0.01,
0.30142617,-0.019919999,0.0,0.079679996,
0.0,0.0,0.0,0.0,
0.04,0.0,0.04,0.0,
0.0,0.0,0.0,0.0,
1.8793896,-0.08717313,-0.018742219,0.33709338,
0.04,0.0,0.0,0.0,
0.04,-0.019919999,-0.01,-0.019919999,
0.0,0.0,0.0,0.0,
1.5852126,-0.068342224,-0.058812723,0.26197875,
0.079679996,0.0,0.0,0.0,
-0.01,-0.01,0.0,-0.01,
0.0,0.0,0.0,0.0,
0.0,0.0,0.0,0.0,
0.0,0.0,0.0,0.0,
-0.01,-0.01,0.0,0.0,
0.0,0.0,0.0,0.0,
0.0,0.0,0.0,0.0,
0.0,0.0,0.0,0.0,
0.0,0.0,0.0,0.0,
0.0,0.0,0.0,0.0,
0.37321573,-0.01,0.0,0.04,
0.04,0.0,0.0,0.0,
0.0,0.0,0.0,0.0,
0.0,0.0,0.0,0.0,
0.0,0.0,0.0,0.0,
0.0,0.0,0.0,0.0,
-0.01,0.0,0.0,0.0,
0.0,0.0,0.0,0.0,
0.0,0.0,0.0,0.0,
0.0,0.0,0.0,0.0,
0.0,0.079679996,0.04,0.0,
0.0,0.0,0.0,0.0,
0.0,0.0,0.0,0.0,
0.0,0.0,0.0,0.0,
0.0,0.0,0.0,0.0,
0.0,0.0,0.0,0.0,
0.04,0.0,0.0,0.0,
0.0,0.0,0.0,0.0,
0.0,0.0,0.0,0.0,
0.0,0.0,0.0,0.0,
0.0,0.0,0.0,0.0,
0.0,0.0,0.0,0.0,
0.0,0.0,0.0,0.0,
0.0,0.0,0.0,0.0,
0.0,0.0,0.0,0.0,
0.0,0.0,0.0,0.0,
0.0,0.0,0.0,0.0,
0.0,0.0,0.0,0.0,
0.0,0.0,0.0,0.0,
0.0,0.0,0.0,0.0,
0.0,0.0,0.0,0.0,
0.0,0.0,0.0,0.0,
0.0,0.0,0.0,0.0,
0.0,0.0,0.0,0.0,
0.0,0.0,0.0,0.0,
0.0,0.0,0.0,0.0,
0.0,0.0,0.0,0.0,
0.0,0.0,0.0,0.0,
0.0,0.0,0.0,0.0,
0.0,0.0,0.0,0.0,
0.17456567,0.0,0.079679996,0.079679996,
0.0,0.0,0.0,0.0,
0.0,0.0,0.0,-0.01,
0.04,0.0,0.0,0.0,
0.0,0.0,0.0,0.0,
0.0,0.0,0.0,0.0,
0.0,0.0,0.0,0.0,
0.0,0.0,0.0,0.0,
0.04,0.0,0.0,0.0,
0.0,0.0,0.0,0.0,
0.0,0.0,0.0,0.0,
0.0,0.0,0.0,0.0,
0.04,0.0,0.0,0.0,
0.0,0.0,0.0,0.0,
0.0,0.0,0.0,0.0,
0.0,0.0,0.0,0.0,
0.0,0.0,0.0,0.0,
0.0,0.0,0.0,0.0,
0.0,0.0,0.0,0.0,
0.0,0.0,0.0,0.0,
0.0,0.0,0.0,0.0,
0.0,0.0,0.0,0.0,
0.0,0.0,0.0,0.0,
0.0,0.0,0.0,0.0,
0.0,0.0,0.0,0.0,
0.0,0.0,0.0,0.0,
0.0,0.0,0.0,0.0,
0.0,0.0,0.0,0.0,
0.0,0.0,0.0,0.0,
0.0,0.0,0.0,0.0,
0.0,0.0,0.0,0.0,
0.0,0.0,0.0,0.0,
-0.10570394,1.9337091,0.2639156,0.2990925,
0.0,0.0,0.0,0.0,
-0.058812723,0.97822714,0.04,0.06983935,
0.0,0.0,0.0,0.0,
-0.01,-0.01,0.0,0.0,
0.0,0.0,0.0,0.0,
0.0,0.0,0.0,0.0,
0.0,0.0,0.0,0.0,
0.010477444,0.6987524,0.010077449,0.079679996,
0.0,0.0,0.0,0.0,
-0.01,0.0,0.0,0.10928063,
-0.01,0.0,0.0,0.0,
-0.019919999,0.0,-0.019919999,0.44694817,
0.0,0.0,0.0,0.0,
0.0,0.43534094,-0.01,-0.01,
0.0,0.0,0.0,0.0,
-0.01,0.0,0.0,0.0,
0.0,0.0,0.0,0.0,
0.0,0.0,0.0,0.04,
0.0,0.0,0.0,0.0,
-0.01,0.0,0.0,0.0,
0.0,0.0,0.0,0.0,
0.0,0.0,0.0,0.0,
0.0,0.0,0.0,0.0,
-0.01,0.0,0.0,0.0,
0.0,0.0,0.0,0.0,
0.0,0.0,0.0,0.0,
0.0,0.0,0.0,0.0,
0.0,0.0,0.0,0.0,
0.0,0.0,0.0,0.0,
0.0,0.0,-0.01,0.0,
0.0,0.0,0.0,0.0,
0.030079998,-0.01,-0.01,0.0,
0.0,0.0,0.0,0.0,
-0.019919999,-0.01,0.079679996,0.030079998,
0.0,0.0,0.0,0.0,
0.0,0.0,0.0,0.0,
0.0,0.0,0.0,0.0,
0.0,0.0,0.0,0.0,
0.0,0.0,0.0,0.0,
0.030079998,-0.029760638,-0.01,0.3486925,
0.0,0.0,0.0,0.0,
0.0,0.0,0.0,0.019442562,
0.0,0.0,0.0,0.0,
-0.01,0.0,0.0,0.0,
0.0,0.0,0.0,0.0,
0.0,0.0,0.0,0.0,
0.0,0.0,0.0,0.0,
-0.01,-0.019919999,0.079679996,0.31118196,
0.0,0.0,0.0,0.0,
-0.01,0.0,0.0,0.0,
0.0,0.0,0.0,0.0,
0.0,0.0,0.0,0.0,
0.0,0.0,0.0,0.0,
0.0,0.0,0.0,0.0,
0.0,0.0,0.0,0.0,
-0.01,0.0,-0.01,0.04,
0.0,0.0,0.0,0.0,
-0.01,0.0,-0.01,0.0,
0.0,0.0,0.0,0.0,
-0.01,0.0,-0.01,0.0,
0.0,0.0,0.0,0.0,
0.0,0.0,0.0,0.0,
0.0,0.0,0.0,0.0,
0.0,0.0,0.0,0.0,
0.0,0.0,0.0,0.0,
-0.029760638,0.32790193,0.079679996,-0.01,
0.0,0.0,0.0,0.0,
0.0,0.0,0.0,0.0,
0.0,0.0,0.0,0.0,
0.0,0.0,0.0,0.0,
0.0,0.0,0.0,0.0,
-0.01,0.13801593,-0.019919999,0.079679996,
0.0,0.0,0.0,0.0,
0.0,0.0,0.0,0.0,
0.0,0.0,0.0,0.0,
0.0,0.0,0.0,0.0,
0.0,0.0,0.0,0.0,
-0.01,0.23525089,0.0,0.0,
0.0,0.0,0.0,0.0,
0.0,0.0,0.0,0.0,
0.0,0.0,0.0,0.0,
0.0,0.0,0.0,0.0,
0.0,0.0,0.0,0.0,
0.0,0.0,0.0,0.0,
0.0,0.0,0.0,0.0,
0.0,0.0,0.0,0.0,
0.0,0.0,0.0,0.0,
-0.01,0.0,0.0,0.0,
0.0,0.0,0.0,0.0,
0.0,0.0,0.0,0.0,
0.0,0.0,0.0,0.0,
0.0,0.0,0.0,0.0,
0.0,0.0,0.0,0.0,
0.0,0.0,-0.01,0.0,
0.0,0.0,0.0,0.0,
-0.029760638,-0.03952255,0.7913652,0.14682549,
0.0,0.0,0.079679996,0.0,
-0.01,-0.019919999,0.04,0.0,
0.0,0.0,0.0,0.0,
0.0,0.0,0.0,0.0,
0.0,0.0,0.0,0.0,
0.0,0.0,0.0,0.0,
0.0,0.0,0.0,0.0,
-0.01,-0.01,0.0,0.04,
0.0,0.0,0.0,0.0,
-0.01,0.0,0.0,0.0,
0.0,0.0,0.0,0.0,
-0.01,-0.019919999,-0.01,0.079679996,
0.0,0.0,0.0,0.0,
-0.01,0.0,0.0,0.0,
0.0,0.0,0.0,0.0,
0.0,0.0,0.0,0.0,
0.0,0.0,0.0,0.0,
0.0,0.0,0.0,0.0,
0.0,0.0,0.0,0.0,
0.0,0.0,0.0,0.0,
0.0,0.0,0.0,0.0,
0.0,0.0,0.0,0.0,
0.0,0.0,0.0,0.0,
0.0,0.0,0.0,0.0,
0.0,0.0,0.0,0.0,
0.0,0.0,0.0,0.0,
0.0,0.0,0.0,0.0,
0.0,0.0,0.0,0.0,
0.0,0.0,0.0,0.0,
0.0,0.0,0.0,0.0,
0.0,0.0,0.0,0.0,
0.0,0.0,0.0,0.0,
0.0,0.0,0.0,0.0,
0.06,0.0,0.0,-0.019919999,
0.0,0.0,0.0,0.0,
0.0,0.0,0.0,0.0,
0.0,0.0,0.0,0.0,
0.0,0.0,0.0,0.0,
0.0,0.0,0.0,0.0,
0.0,0.0888032,0.0,0.0,
0.0,0.0,0.0,0.0,
0.0,0.0,0.0,0.0,
0.0,0.0,0.0,0.0,
0.0,0.0,0.0,0.0,
0.0,0.0,0.0,0.0,
0.0,0.0,0.0,-0.01,
0.0,0.0,0.0,0.0,
0.0,0.0,0.0,0.0,
0.0,0.0,0.0,0.0,
0.0,0.0,0.0,0.0,
0.0,0.0,0.0,0.0,
0.0,0.0,0.0,0.0,
0.0,0.0,0.0,0.0,
0.0,0.0,0.0,0.0,
0.0,0.0,0.0,0.0,
0.0,0.0,0.0,0.0,
0.0,0.0,0.0,0.0,
0.0,0.0,0.0,0.0,
0.0,0.0,0.0,0.0,
0.0,0.0,0.0,0.0,
0.0,0.0,0.0,0.0,
0.0,0.0,0.0,0.0,
0.0,0.0,0.0,0.0,
1.0035923,-0.058812723,0.0996,0.0996,
0.0,0.0,0.049999997,0.049999997,
-0.01,-0.01,0.0,0.0,
0.10856383,0.0,0.06,0.0,
0.0,0.0,-0.01,0.0,
0.0,0.0,0.0,0.0,
0.0,0.0,0.0,0.0,
0.0,0.0,0.0,0.0,
0.049999997,0.0,0.0,0.0,
0.0,0.0,0.0,0.0,
0.0,0.0,0.0,0.0,
0.049999997,0.0,0.0,0.0,
0.0,0.0,0.0,0.0,
0.0,0.0,0.0,0.0,
0.0,0.0,0.0,0.0,
0.0,0.0,0.0,0.0,
0.0,0.0,0.0,0.0,
0.0,0.0,0.0,0.0,
0.0,0.0,0.0,0.0,
0.0,0.0,0.0,0.0,
0.0,0.0,0.0,0.0,
0.0,0.0,0.0,0.0,
0.0,0.0,0.0,0.0,
0.0,0.0,0.0,0.0,
0.0,0.0,0.0,0.0,
0.0,0.0,0.0,0.0,
0.0,0.0,0.0,0.0,
0.0,0.0,0.0,0.0,
0.0,0.0,0.0,0.0,
0.0,0.0,0.0,0.0,
0.0,0.0,0.0,0.0,
0.0,0.0,0.0,0.0,
0.0,0.0,0.0,0.0,
0.0,0.0,0.0,0.0,
0.049999997,0.0,0.0,0.0,
0.0,0.0,0.0,0.0,
0.0,0.0,0.0,0.0,
0.0,0.0,0.0,0.0,
0.0,0.0,0.0,0.0,
0.0,0.0,0.0,0.0,
0.0,0.0,0.0,0.0,
0.0,0.0,0.0,0.0,
0.0,0.0,0.0,0.0,
0.0,0.0,0.0,0.0,
0.0,0.0,0.0,0.0,
0.0,0.0,0.0,0.0,
0.0,0.0,0.0,0.0,
0.0,0.0,0.0,0.0,
0.0,0.0,0.0,0.0,
0.0,0.0,0.0,0.0,
0.0,0.0,0.0,0.0,
0.0,0.0,0.0,0.0,
0.0,0.0,0.0,0.0,
0.0,0.0,0.0,0.0,
0.0,0.0,0.0,0.0,
0.0,0.0,0.0,0.0,
0.0,0.0,0.0,0.0,
0.0,0.0,0.0,0.0,
0.0,0.0,0.0,0.0,
0.0,0.0,0.0,0.0,
0.0,0.0,0.0,0.0,
0.0,0.0,0.0,0.0,
0.0,0.0,0.0,0.0,
0.0,0.0,0.0,0.0,
0.06,0.0,0.0,0.0,
0.0,0.0,0.0,0.0,
0.0,0.0,0.0,0.0,
0.0,0.0,0.0,0.0,
0.0,0.0,0.0,0.0,
0.0,0.0,0.0,0.0,
0.0,0.0,0.0,0.0,
0.0,0.0,0.0,0.0,
0.0,0.0,0.0,0.0,
0.0,0.0,0.0,0.0,
0.0,0.0,0.0,0.0,
0.0,0.0,0.0,0.0,
0.0,0.0,0.0,0.0,
0.0,0.0,0.0,0.0,
0.0,0.0,0.0,0.0,
0.0,0.0,0.0,0.0,
0.0,0.0,0.0,0.0,
0.0,0.0,0.0,0.0,
0.0,0.0,0.0,0.0,
0.0,0.0,0.0,0.0,
0.0,0.0,0.0,0.0,
0.0,0.0,0.0,0.0,
0.0,0.0,0.0,0.0,
0.0,0.0,0.0,0.0,
0.0,0.0,0.0,0.0,
0.0,0.0,0.0,0.0,
0.0,0.0,0.0,0.0,
0.0,0.0,0.0,0.0,
0.0,0.0,0.0,0.0,
0.0,0.0,0.0,0.0,
0.0,0.0,0.0,0.0,
0.0,0.0,0.0,0.0,
-0.01,0.0,0.0,0.0,
0.0,0.0,0.0,0.0,
0.0,0.0,0.0,0.0,
0.0,0.0,0.0,0.0,
0.0,0.0,0.0,0.0,
0.0,0.0,0.0,0.0,
0.0,0.0,0.0,0.0,
0.0,0.0,0.0,0.0,
-0.01,0.23596072,-0.019919999,0.0,
0.0,0.0,0.0,0.0,
0.0,0.0,0.0,0.0,
0.0,0.0,0.0,0.0,
0.0,0.0,0.0,0.0,
0.0,0.0,0.0,0.0,
0.0,0.0,0.0,0.0,
0.0,0.0,0.0,0.0,
-0.01,0.0,0.0,0.0,
0.0,0.0,0.0,0.0,
0.0,0.0,0.0,0.0,
0.0,0.0,0.0,0.0,
0.0,0.0,0.0,0.0,
0.0,0.0,0.0,0.0,
0.0,0.0,0.0,0.0,
0.0,0.0,0.0,0.0,
0.0,0.0,0.0,0.0,
0.0,0.0,0.0,0.0,
0.0,0.0,0.0,0.0,
0.0,0.0,0.0,0.0,
0.0,0.0,0.0,0.0,
0.0,0.0,0.0,0.0,
0.0,0.0,0.0,0.0,
0.0,0.0,0.0,0.0,
0.0,0.0,0.0,0.0,
0.0,0.0,0.0,0.0,
0.0,0.0,0.0,0.0,
0.0,0.0,0.0,0.0,
0.0,0.0,0.0,0.0,
0.0,0.0,0.0,0.0,
0.0,0.0,0.0,0.0,
0.0,0.0,0.0,0.0,
0.0,0.0,0.0,0.0,
0.0,0.0,0.0,0.0,
0.0,0.0,0.0,0.0,
0.0,0.0,0.0,0.0,
0.0,0.0,0.0,0.0,
0.0,0.0,0.0,0.0,
0.0,0.0,0.0,0.0,
0.0,0.0,0.0,0.0,
0.0,0.0,0.0,0.0,
0.0,0.0,0.0,0.0,
0.0,0.0,0.0,0.0,
0.0,0.0,0.0,0.0,
0.0,0.0,0.0,0.0,
0.0,0.0,0.0,0.0,
0.0,0.0,0.0,0.0,
0.0,0.0,0.0,0.0,
0.0,0.0,0.0,0.0,
0.0,0.0,0.0,0.0,
0.0,0.0,0.0,0.0,
0.0,0.0,0.0,0.0,
0.0,0.0,0.0,0.0,
0.0,0.0,0.0,0.0,
0.0,0.0,0.0,0.0,
0.0,0.0,0.0,0.0,
0.0,0.0,0.0,0.0,
0.0,0.0,0.0,0.0,
-0.01,0.0,0.0,0.0,
0.0,0.0,0.0,0.0,
0.0,0.0,0.0,0.0,
0.0,0.0,0.0,0.0,
0.0,0.0,0.0,0.0,
0.0,0.0,0.0,0.0,
0.0,0.0,0.0,0.0,
0.0,0.0,0.0,0.0,
0.0,0.0,0.0,0.0,
0.0,0.0,0.0,0.0,
0.0,0.0,0.0,0.0,
0.0,0.0,0.0,0.0,
0.0,0.0,0.0,0.0,
0.0,0.0,0.0,0.0,
0.0,0.0,0.0,0.0,
0.0,0.0,0.0,0.0,
0.0,0.0,0.0,0.0,
0.0,0.0,0.0,0.0,
0.0,0.0,0.0,0.0,
0.0,0.0,0.0,0.0,
0.0,0.0,0.0,0.0,
0.0,0.0,0.0,0.0,
0.0,0.0,0.0,0.0,
0.0,0.0,0.0,0.0,
0.0,0.0,0.0,0.0,
0.0,0.0,0.0,0.0,
0.0,0.0,0.0,0.0,
0.0,0.0,0.0,0.0,
0.0,0.0,0.0,0.0,
0.0,0.0,0.0,0.0,
-0.01,0.0,0.0,0.0,
0.0,0.0,0.0,0.0,
0.0,0.0,0.0,0.0,
-0.01,0.0,0.0,0.0,
0.0,0.0,0.0,0.0,
0.0,0.0,0.0,0.0,
0.0,0.0,0.0,0.0,
0.0,0.0,0.0,0.0,
0.0,0.0,0.0,0.0,
0.0,0.0,0.0,0.0,
0.0,0.0,0.0,0.0,
0.0,0.0,0.0,0.0,
0.0,0.0,0.0,0.0,
0.0,0.0,0.0,0.0,
0.0,0.0,0.0,0.0,
0.0,0.0,0.0,0.0,
0.0,0.0,0.0,0.0,
0.0,0.0,0.0,0.0,
0.0,0.0,0.0,0.0,
0.0,0.0,0.0,0.0,
0.0,0.0,0.0,0.0,
0.0,0.0,0.0,0.0,
0.0,0.0,0.0,0.0,
0.0,0.0,0.0,0.0,
0.0,0.0,0.0,0.0,
0.0,0.0,0.0,0.0,
0.0,0.0,0.0,0.0,
0.0,0.0,0.0,0.0,
0.0,0.0,0.0,0.0,
0.0,0.0,0.0,0.0,
0.0,0.0,0.0,0.0,
0.0,0.0,0.0,0.0,
0.0,0.0,0.0,0.0,
0.0,0.0,0.0,0.0,
0.0,0.0,0.0,0.0,
0.0,0.0,0.0,0.0,
0.0,0.0,0.0,0.0,
0.0,0.0,0.0,0.0,
0.0,0.0,0.0,0.0,
0.0,0.0,0.0,0.0,
0.0,0.0,0.0,0.0,
0.0,0.0,0.0,0.0,
0.0,0.0,0.0,0.0,
0.0,0.0,0.0,0.0,
0.0,0.0,0.0,0.0,
0.0,0.0,0.0,0.0,
0.0,0.0,0.0,0.0,
0.0,0.0,0.0,0.0,
0.0,0.0,0.0,0.0,
0.0,0.0,0.0,0.0,
0.0,0.0,0.0,0.0,
0.0,0.0,0.0,0.0,
0.0,0.0,0.0,0.0,
0.0,0.0,0.0,0.0,
0.0,0.0,0.0,0.0,
0.0,0.0,0.0,0.0,
0.0,0.0,0.0,0.0,
0.0,0.0,0.0,0.0,
0.0,0.0,0.0,0.0,
0.0,0.0,0.0,0.0,
0.0,0.0,0.0,0.0,
0.0,0.0,0.0,0.0,
0.0,0.0,0.0,0.0,
0.0,0.0,0.0,0.0,
0.0,0.0,0.0,0.0,
0.0,0.0,0.0,0.0,
0.0,0.0,0.0,0.0,
0.0,0.0,0.0,0.0,
0.0,0.0,0.0,0.0,
0.0,0.0,0.0,0.0,
0.0,0.0,0.0,0.0,
0.0,0.0,0.0,0.0,
0.0,0.0,0.0,0.0,
0.0,0.0,0.0,0.0,
0.0,0.0,0.0,0.0,
0.0,0.0,0.0,0.0,
0.0,0.0,0.0,0.0,
0.0,0.0,0.0,0.0,
0.0,0.0,0.0,0.0,
0.0,0.0,0.0,0.0,
0.0,0.0,0.0,0.0,
0.0,0.0,0.0,0.0,
0.0,0.0,0.0,0.0,
0.0,0.0,0.0,0.0,
0.0,0.0,0.0,0.0,
0.0,0.0,0.0,0.0,
0.0,0.0,0.0,0.0,
0.0,0.0,0.0,0.0,
0.0,0.0,0.0,0.0,
0.0,0.0,0.0,0.0,
0.0,0.0,0.0,0.0,
0.0,0.0,0.0,0.0,
0.0,0.0,0.0,0.0,
0.0,0.0,0.0,0.0,
0.0,0.0,0.0,0.0,
0.0,0.0,0.0,0.0,
0.0,0.0,0.0,0.0,
0.0,0.0,0.0,0.0,
0.0,0.0,0.0,0.0,
0.0,0.0,0.0,0.0,
0.0,0.0,0.0,0.0,
0.0,0.0,0.0,0.0,
0.0,0.0,0.0,0.0,
0.0,0.0,0.0,0.0,
0.0,0.0,0.0,0.0,
0.0,0.0,0.0,0.0,
0.0,0.0,0.0,0.0,
0.0,0.0,0.0,0.0,
0.0,0.0,0.0,0.0,
0.0,0.0,0.0,0.0,
0.0,0.0,0.0,0.0,
0.0,0.0,0.0,0.0,
0.0,0.0,0.0,0.0,
0.0,0.0,0.0,0.0,
0.0,0.0,0.0,0.0,
0.0,0.0,0.0,0.0,
0.0,0.0,0.0,0.0,
0.0,0.0,0.0,0.0,
0.0,0.0,0.0,0.0,
0.0,0.0,0.0,0.0,
0.0,0.0,0.0,0.0,
0.0,0.0,0.0,0.0,
0.0,0.0,0.0,0.0,
0.0,0.0,0.0,0.0,
0.0,0.0,0.0,0.0,
0.0,0.0,0.0,0.0,
0.0,0.0,0.0,0.0,
0.0,0.0,0.0,0.0,
0.0,0.0,0.0,0.0,
0.0,0.0,0.0,0.0,
0.0,0.0,0.0,0.0,
0.0,0.0,0.0,0.0,
0.0,0.0,0.0,0.0,
0.0,0.0,0.0,0.0,
0.0,0.0,0.0,0.0,
0.0,0.0,0.0,0.0,
0.0,0.0,0.0,0.0,
0.0,0.0,0.0,0.0,
0.0,0.0,0.0,0.0,
0.0,0.0,0.0,0.0,
0.0,0.0,0.0,0.0,
0.0,0.0,0.0,0.0,
0.0,0.0,0.0,0.0,
0.0,0.0,0.0,0.0,
0.0,0.0,0.0,0.0,
0.0,0.0,0.0,0.0,
0.0,0.0,0.0,0.0,
0.0,0.0,0.0,0.0,
0.0,0.0,0.0,0.0,
0.0,0.0,0.0,0.0,
0.0,0.0,0.0,0.0,
0.0,0.0,0.0,0.0,
0.0,0.0,0.0,0.0,
0.0,0.0,0.0,0.0,
0.0,0.0,0.0,0.0,
0.0,0.0,0.0,0.0,
0.0,0.0,0.0,0.0,
0.0,0.0,0.0,0.0,
0.0,0.0,0.0,0.0,
0.0,0.0,0.0,0.0,
0.0,0.0,0.0,0.0,
0.0,0.0,0.0,0.0,
0.0,0.0,0.0,0.0,
0.0,0.0,0.0,0.0,
0.0,0.0,0.0,0.0,
0.0,0.0,0.0,0.0,
0.0,0.0,0.0,0.0,
0.0,0.0,0.0,0.0,
0.0,0.0,0.0,0.0,
0.0,0.0,0.0,0.0,
0.0,0.0,0.0,0.0,
0.0,0.0,0.0,0.0,
0.0,0.0,0.0,0.0,
0.0,0.0,0.0,0.0,
0.0,0.0,0.0,0.0,
0.0,0.0,0.0,0.0,
0.0,0.0,0.0,0.0,
0.0,0.0,0.0,0.0,
0.0,0.0,0.0,0.0,
0.0,0.0,0.0,0.0,
0.0,0.0,0.0,0.0,
0.0,0.0,0.0,0.0,
0.0,0.0,0.0,0.0,
0.0,0.0,0.0,0.0,
0.0,0.0,0.0,0.0,
0.0,0.0,0.0,0.0,
0.0,0.0,0.0,0.0,
0.0,0.0,0.0,0.0,
0.0,0.0,0.0,0.0,
0.0,0.0,0.0,0.0,
0.0,0.0,0.0,0.0,
0.0,0.0,0.0,0.0,
0.0,0.0,0.0,0.0,
0.0,0.0,0.0,0.0,
0.0,0.0,0.0,0.0,
0.0,0.0,0.0,0.0,
0.0,0.0,0.0,0.0,
0.0,0.0,0.0,0.0,
0.0,0.0,0.0,0.0,
0.0,0.0,0.0,0.0,
0.0,0.0,0.0,0.0,
0.0,0.0,0.0,0.0,
0.0,0.0,0.0,0.0,
0.0,0.0,0.0,0.0,
0.0,0.0,0.0,0.0,
0.0,0.0,0.0,0.0,
0.0,0.0,0.0,0.0,
0.0,0.0,0.0,0.0,
0.0,0.0,0.0,0.0,
0.0,0.0,0.0,0.0,
0.0,0.0,0.0,0.0,
0.0,0.0,0.0,0.0,
0.0,0.0,0.0,0.0,
0.0,0.0,0.0,0.0,
0.0,0.0,0.0,0.0,
0.0,0.0,0.0,0.0,
0.0,0.0,0.0,0.0,
0.0,0.0,0.0,0.0,
0.0,0.0,0.0,0.0,
0.0,0.0,0.0,0.0,
0.0,0.0,0.0,0.0,
0.0,0.0,0.0,0.0,
0.0,0.0,0.0,0.0,
0.0,0.0,0.0,0.0,
0.0,0.0,0.0,0.0,
0.0,0.0,0.0,0.0,
0.0,0.0,0.0,0.0,
0.0,0.0,0.0,0.0,
0.0,0.0,0.0,0.0,
0.0,0.0,0.0,0.0,
0.0,0.0,0.0,0.0,
0.0,0.0,0.0,0.0,
0.0,0.0,0.0,0.0,
0.0,0.0,0.0,0.0,
0.0,0.0,0.0,0.0,
0.0,0.0,0.0,0.0,
0.0,0.0,0.0,0.0,
0.0,0.0,0.0,0.0,
0.0,0.0,0.0,0.0,
0.0,0.0,0.0,0.0,
0.0,0.0,0.0,0.0,
0.0,0.0,0.0,0.0,
0.0,0.0,0.0,0.0,
0.0,0.0,0.0,0.0,
0.0,0.0,0.0,0.0,
0.0,0.0,0.0,0.0,
0.0,0.0,0.0,0.0,
0.0,0.0,0.0,0.0,
0.0,0.0,0.0,0.0,
0.0,0.0,0.0,0.0,
0.0,0.0,0.0,0.0,
0.0,0.0,0.0,0.0,
0.0,0.0,0.0,0.0,
0.0,0.0,0.0,0.0,
0.0,0.0,0.0,0.0,
0.0,0.0,0.0,0.0,
0.0,0.0,0.0,0.0,
0.0,0.0,0.0,0.0,
0.0,0.0,0.0,0.0,
0.0,0.0,0.0,0.0,
0.0,0.0,0.0,0.0,
0.0,0.0,0.0,0.0,
0.0,0.0,0.0,0.0,
0.0,0.0,0.0,0.0,
0.0,0.0,0.0,0.0,
0.0,0.0,0.0,0.0,
0.0,0.0,0.0,0.0,
0.0,0.0,0.0,0.0,
0.0,0.0,0.0,0.0,
0.0,0.0,0.0,0.0,
0.0,0.0,0.0,0.0,
0.0,0.0,0.0,0.0,
0.0,0.0,0.0,0.0,
0.0,0.0,0.0,0.0,
0.0,0.0,0.0,0.0,
0.0,0.0,0.0,0.0,
0.0,0.0,0.0,0.0,
0.0,0.0,0.0,0.0,
0.0,0.0,0.0,0.0,
0.0,0.0,0.0,0.0,
0.0,0.0,0.0,0.0,
0.0,0.0,0.0,0.0,
0.0,0.0,0.0,0.0,
0.0,0.0,0.0,0.0,
0.0,0.0,0.0,0.0,
0.0,0.0,0.0,0.0,
0.0,0.0,0.0,0.0,
